[gd_scene load_steps=10 format=3 uid="uid://d2g6chunc572s"]

[ext_resource type="PackedScene" uid="uid://d34xfaignny8j" path="res://Models/Cyberamics/Cyber Helen.glb" id="1_w3m2i"]
[ext_resource type="Script" uid="uid://bu68w4jnh0n2b" path="res://Scripts/AnimatronicController.gd" id="2_t4ere"]
[ext_resource type="PackedScene" uid="uid://c2j62syov3skq" path="res://Models/Cyberamics/Cyberamic Chuck.glb" id="3_45mf1"]
[ext_resource type="PackedScene" uid="uid://ba7i8p8olef2s" path="res://Models/Cyberamics/Cyber Jasper.glb" id="4_t4ere"]
[ext_resource type="PackedScene" uid="uid://c6n4otfble154" path="res://Models/Balcony/BalconyStage.glb" id="5_45mf1"]
[ext_resource type="PackedScene" uid="uid://dmh5upwts8y11" path="res://Models/Cyberamics/Warblettes.glb" id="5_ocq6y"]
[ext_resource type="PackedScene" uid="uid://doxu4tb5jfoqp" path="res://Models/Cyberamics/Cyber Munch.glb" id="5_vcb31"]
[ext_resource type="Script" uid="uid://d1p4ite8ts2wi" path="res://Scripts/LightController.gd" id="6_j8jbd"]

[sub_resource type="Environment" id="Environment_w3m2i"]
ambient_light_source = 1

[node name="Balcony" type="Node3D"]

[node name="Jasper" parent="." instance=ExtResource("4_t4ere")]
transform = Transform3D(0.866025, 0, 0.5, 0, 1, 0, -0.5, 0, 0.866025, -2.2, 3, -0.5)
script = ExtResource("2_t4ere")

[node name="Chuck" parent="." instance=ExtResource("3_45mf1")]
transform = Transform3D(1, 0, 0, 0, 1, 0, 0, 0, 1, 0, 3, -0.5)
script = ExtResource("2_t4ere")

[node name="Helen" parent="." instance=ExtResource("1_w3m2i")]
transform = Transform3D(0.866025, 0, -0.5, 0, 1, 0, 0.5, 0, 0.866025, 2.2, 3, -0.5)
script = ExtResource("2_t4ere")

[node name="Munch" parent="." instance=ExtResource("5_vcb31")]
transform = Transform3D(1, 0, 0, 0, 1, 0, 0, 0, 1, -4.5, 3, -0.5)
script = ExtResource("2_t4ere")

[node name="Warblettes" parent="." instance=ExtResource("5_ocq6y")]
transform = Transform3D(-1, 0, 8.74228e-08, 0, 1, 0, -8.74228e-08, 0, -1, -7.5, 3.6, -1)
script = ExtResource("2_t4ere")

[node name="Spots" type="Node3D" parent="."]
script = ExtResource("6_j8jbd")

[node name="Chuck" type="SpotLight3D" parent="Spots"]
transform = Transform3D(1, 0, 0, 0, 0.970296, 0.241922, 0, -0.241922, 0.970296, 0, 5.5, 5)
visible = false
light_color = Color(1, 0.960784, 0.85098, 1)
light_energy = 0.8
spot_range = 8.0
spot_attenuation = -1.0
spot_angle = 7.5

[node name="Helen" type="SpotLight3D" parent="Spots"]
transform = Transform3D(0.866025, 0.120961, -0.485148, 0, 0.970296, 0.241922, 0.5, -0.209511, 0.840301, -1, 5.5, 5)
visible = false
light_color = Color(1, 0.960784, 0.85098, 1)
light_energy = 0.8
spot_range = 8.0
spot_attenuation = -1.0
spot_angle = 7.5

[node name="Jasper" type="SpotLight3D" parent="Spots"]
transform = Transform3D(0.866025, -0.120961, 0.485148, 0, 0.970296, 0.241922, -0.5, -0.209511, 0.840301, 1, 5.5, 5)
visible = false
light_color = Color(1, 0.960784, 0.85098, 1)
light_energy = 0.8
spot_range = 8.0
spot_attenuation = -1.0
spot_angle = 7.5

[node name="Munch" type="SpotLight3D" parent="Spots"]
transform = Transform3D(1, 0, 0, 0, 0.970296, 0.241922, 0, -0.241922, 0.970296, -4.5, 5.5, 5)
visible = false
light_color = Color(1, 0.960784, 0.85098, 1)
light_energy = 0.8
spot_range = 8.0
spot_attenuation = -1.0
spot_angle = 7.5

[node name="Pasqually" type="SpotLight3D" parent="Spots"]
transform = Transform3D(1, 0, 0, 0, 0.970296, 0.241922, 0, -0.241922, 0.970296, 4.5, 5.5, 5)
visible = false
light_color = Color(1, 0.960784, 0.85098, 1)
light_energy = 0.8
spot_range = 8.0
spot_attenuation = -1.0
spot_angle = 7.5

[node name="Warblettes" type="SpotLight3D" parent="Spots"]
transform = Transform3D(1, 0, 0, 0, 0.991445, 0.130526, 0, -0.130526, 0.991445, -7.5, 5.5, 5)
visible = false
light_color = Color(1, 0.960784, 0.85098, 1)
light_energy = 0.8
spot_range = 8.0
spot_attenuation = -1.0
spot_angle = 10.0

[node name="Color Spots" type="Node3D" parent="."]
script = ExtResource("6_j8jbd")

[node name="Chuck" type="SpotLight3D" parent="Color Spots"]
transform = Transform3D(1, 0, 0, 0, 0.970296, 0.241922, 0, -0.241922, 0.970296, 0, 5.5, 5)
visible = false
light_color = Color(0.734652, 0.426335, 0.999996, 1)
light_energy = 0.8
spot_range = 8.0
spot_attenuation = -1.0
spot_angle = 7.5

[node name="Chuck 2" type="SpotLight3D" parent="Color Spots"]
transform = Transform3D(1, 0, 0, 0, 0.970296, 0.241922, 0, -0.241922, 0.970296, 0, 5.5, 5)
visible = false
light_color = Color(1, 0, 0, 1)
light_energy = 0.8
spot_range = 8.0
spot_attenuation = -1.0
spot_angle = 7.5

[node name="Helen" type="SpotLight3D" parent="Color Spots"]
transform = Transform3D(0.866025, 0.120961, -0.485148, 0, 0.970296, 0.241922, 0.5, -0.209511, 0.840301, -1, 5.5, 5)
visible = false
light_color = Color(0.734652, 0.426335, 0.999996, 1)
light_energy = 0.8
spot_range = 8.0
spot_attenuation = -1.0
spot_angle = 7.5

[node name="Jasper" type="SpotLight3D" parent="Color Spots"]
transform = Transform3D(0.866025, -0.120961, 0.485148, 0, 0.970296, 0.241922, -0.5, -0.209511, 0.840301, 1, 5.5, 5)
visible = false
light_color = Color(0.734652, 0.426335, 0.999996, 1)
light_energy = 0.8
spot_range = 8.0
spot_attenuation = -1.0
spot_angle = 7.5

[node name="Munch" type="SpotLight3D" parent="Color Spots"]
transform = Transform3D(1, 0, 0, 0, 0.970296, 0.241922, 0, -0.241922, 0.970296, -4.5, 5.5, 5)
visible = false
light_color = Color(0.734652, 0.426335, 0.999996, 1)
light_energy = 0.8
spot_range = 8.0
spot_attenuation = -1.0
spot_angle = 7.5

[node name="Pasqually" type="SpotLight3D" parent="Color Spots"]
transform = Transform3D(1, 0, 0, 0, 0.970296, 0.241922, 0, -0.241922, 0.970296, 4.5, 5.5, 5)
visible = false
light_color = Color(0.734652, 0.426335, 0.999996, 1)
light_energy = 0.8
spot_range = 8.0
spot_attenuation = -1.0
spot_angle = 7.5

[node name="Warblettes" type="SpotLight3D" parent="Color Spots"]
transform = Transform3D(1, 0, 0, 0, 0.991445, 0.130526, 0, -0.130526, 0.991445, -7.5, 5.5, 5)
visible = false
light_color = Color(0.734652, 0.426335, 0.999996, 1)
light_energy = 0.8
spot_range = 8.0
spot_attenuation = -1.0
spot_angle = 10.0

[node name="Valence" type="Node3D" parent="."]
script = ExtResource("6_j8jbd")

[node name="L" type="SpotLight3D" parent="Valence"]
transform = Transform3D(1, 0, 0, 0, 0.965926, 0.258819, 0, -0.258819, 0.965926, -2.25, 5.5, 0.25)
visible = false
light_color = Color(1, 0.960784, 0.85098, 1)
spot_attenuation = -1.0
spot_angle = 15.0

[node name="L Center" type="SpotLight3D" parent="Valence"]
transform = Transform3D(1, 0, 0, 0, 0.965926, 0.258819, 0, -0.258819, 0.965926, -1.2, 5.5, 0.5)
visible = false
light_color = Color(1, 0.960784, 0.85098, 1)
spot_attenuation = -1.0
spot_angle = 15.0

[node name="Center" type="SpotLight3D" parent="Valence"]
transform = Transform3D(1, 0, 0, 0, 0.965926, 0.258819, 0, -0.258819, 0.965926, 0, 5.5, 0.75)
visible = false
light_color = Color(1, 0.960784, 0.85098, 1)
spot_attenuation = -1.0
spot_angle = 15.0

[node name="R Center" type="SpotLight3D" parent="Valence"]
transform = Transform3D(1, 0, 0, 0, 0.965926, 0.258819, 0, -0.258819, 0.965926, 1.2, 5.5, 0.5)
visible = false
light_color = Color(1, 0.960784, 0.85098, 1)
spot_attenuation = -1.0
spot_angle = 15.0

[node name="R" type="SpotLight3D" parent="Valence"]
transform = Transform3D(1, 0, 0, 0, 0.965926, 0.258819, 0, -0.258819, 0.965926, 2.25, 5.5, 0.25)
visible = false
light_color = Color(1, 0.960784, 0.85098, 1)
spot_attenuation = -1.0
spot_angle = 15.0

[node name="Backdrop" type="Node3D" parent="."]
script = ExtResource("6_j8jbd")

[node name="L Blue" type="SpotLight3D" parent="Backdrop"]
transform = Transform3D(0.866025, 0.433013, 0.25, -7.18775e-09, 0.5, -0.866025, -0.5, 0.75, 0.433013, -2.5, 3, -1.1)
visible = false
light_color = Color(0, 0, 1, 1)
spot_attenuation = 2.0
spot_angle = 30.0
spot_angle_attenuation = 0.15

[node name="L Amber" type="SpotLight3D" parent="Backdrop"]
transform = Transform3D(0.866025, 0.433013, 0.25, -7.18775e-09, 0.5, -0.866025, -0.5, 0.75, 0.433013, -2, 3, -1.1)
visible = false
light_color = Color(1, 0.74902, 0, 1)
spot_attenuation = 2.0
spot_angle = 30.0
spot_angle_attenuation = 0.15

[node name="L Red" type="SpotLight3D" parent="Backdrop"]
transform = Transform3D(0.866025, 0.433013, 0.25, -7.18775e-09, 0.5, -0.866025, -0.5, 0.75, 0.433013, -1.5, 3, -1.1)
visible = false
light_color = Color(1, 0, 0, 1)
spot_attenuation = 2.0
spot_angle = 30.0
spot_angle_attenuation = 0.15

[node name="C Blue" type="SpotLight3D" parent="Backdrop"]
transform = Transform3D(1, 0, 0, 0, 0.5, -0.866025, 0, 0.866025, 0.5, -0.5, 3, -1.1)
visible = false
light_color = Color(0, 0, 1, 1)
spot_attenuation = 2.0
spot_angle = 30.0
spot_angle_attenuation = 0.15

[node name="C Amber" type="SpotLight3D" parent="Backdrop"]
transform = Transform3D(1, 0, 0, 0, 0.5, -0.866025, 0, 0.866025, 0.5, 0, 3, -1.1)
visible = false
light_color = Color(1, 0.74902, 0, 1)
spot_attenuation = 2.0
spot_angle = 30.0
spot_angle_attenuation = 0.15

[node name="C Red" type="SpotLight3D" parent="Backdrop"]
transform = Transform3D(1, 0, 0, 0, 0.5, -0.866025, 0, 0.866025, 0.5, 0.5, 3, -1.1)
visible = false
light_color = Color(1, 0, 0, 1)
spot_attenuation = 2.0
spot_angle = 30.0
spot_angle_attenuation = 0.15

[node name="R Blue" type="SpotLight3D" parent="Backdrop"]
transform = Transform3D(0.866025, -0.433013, -0.25, 1.82764e-08, 0.5, -0.866025, 0.5, 0.75, 0.433013, 1.5, 3, -1.1)
visible = false
light_color = Color(0, 0, 1, 1)
spot_attenuation = 2.0
spot_angle = 30.0
spot_angle_attenuation = 0.15

[node name="R Amber" type="SpotLight3D" parent="Backdrop"]
transform = Transform3D(0.866025, -0.433013, -0.25, 1.82764e-08, 0.5, -0.866025, 0.5, 0.75, 0.433013, 2, 3, -1.1)
visible = false
light_color = Color(1, 0.74902, 0, 1)
spot_attenuation = 2.0
spot_angle = 30.0
spot_angle_attenuation = 0.15

[node name="R Red" type="SpotLight3D" parent="Backdrop"]
transform = Transform3D(0.866025, -0.433013, -0.25, 1.82764e-08, 0.5, -0.866025, 0.5, 0.75, 0.433013, 2.5, 3, -1.1)
visible = false
light_color = Color(1, 0, 0, 1)
spot_attenuation = 2.0
spot_angle = 30.0
spot_angle_attenuation = 0.15

[node name="WorldEnvironment" type="WorldEnvironment" parent="."]
environment = SubResource("Environment_w3m2i")

[node name="Room Lights" type="Node3D" parent="."]

[node name="OmniLight3D" type="OmniLight3D" parent="Room Lights"]
transform = Transform3D(1, 0, 0, 0, 1, 0, 0, 0, 1, 4, 4.5, 3)
light_color = Color(1, 0.960784, 0.85098, 1)

[node name="OmniLight3D2" type="OmniLight3D" parent="Room Lights"]
transform = Transform3D(1, 0, 0, 0, 1, 0, 0, 0, 1, -4, 4.5, 3)
light_color = Color(1, 0.960784, 0.85098, 1)

[node name="OmniLight3D3" type="OmniLight3D" parent="Room Lights"]
transform = Transform3D(1, 0, 0, 0, 1, 0, 0, 0, 1, 0, 4.5, 3)
light_color = Color(1, 0.960784, 0.85098, 1)

[node name="OmniLight3D4" type="OmniLight3D" parent="Room Lights"]
transform = Transform3D(1, 0, 0, 0, 1, 0, 0, 0, 1, 8, 4.5, 3)
light_color = Color(1, 0.960784, 0.85098, 1)

[node name="OmniLight3D5" type="OmniLight3D" parent="Room Lights"]
transform = Transform3D(1, 0, 0, 0, 1, 0, 0, 0, 1, -8, 4.5, 3)
light_color = Color(1, 0.960784, 0.85098, 1)

[node name="BalconyStage" parent="." instance=ExtResource("5_45mf1")]
transform = Transform3D(1.5, 0, 0, 0, 1.5, 0, 0, 0, 1.5, 0, 0, 0)

[node name="Angle 1" type="Camera3D" parent="."]
transform = Transform3D(1, 0, 0, 0, 0.965926, 0.258819, 0, -0.258819, 0.965926, 0, 4.75, 3)
current = true
fov = 60.0

[node name="Angle 2" type="Camera3D" parent="."]
transform = Transform3D(1, 0, 0, 0, 0.965926, 0.258819, 0, -0.258819, 0.965926, -4.5, 4.75, 3)
fov = 60.0

[node name="Angle 3" type="Camera3D" parent="."]
transform = Transform3D(1, 0, 0, 0, 0.965926, 0.258819, 0, -0.258819, 0.965926, 4.5, 4.75, 3)
fov = 60.0

[node name="Angle 4" type="Camera3D" parent="."]
transform = Transform3D(1, 0, 0, 0, 1, 0, 0, 0, 1, -7.5, 5, 3)
fov = 60.0

[node name="Angle 5" type="Camera3D" parent="."]
transform = Transform3D(1, 0, 0, 0, 0.996195, 0.0871557, 0, -0.0871557, 0.996195, 0, 4.75, 6)
fov = 60.0

[node name="Angle 6" type="Camera3D" parent="."]
transform = Transform3D(0.965926, -0.0225576, 0.257834, 0, 0.996195, 0.0871557, -0.258819, -0.084186, 0.96225, 2, 4.75, 7)
fov = 60.0
