[gd_scene load_steps=4 format=3 uid="uid://mvv5sjk3vbtl"]

[ext_resource type="Script" uid="uid://dvtlkxa3ptinb" path="res://Scripts/HelicopterLight.gd" id="1_h8jcb"]
[ext_resource type="PackedScene" uid="uid://niengxuhusuw" path="res://Models/Props/HelicopterLight.glb" id="1_nke17"]
[ext_resource type="PackedScene" uid="uid://bw0qmu6yhtr0h" path="res://Models/Props/HelicopterLightIllum.glb" id="2_h8jcb"]

[node name="HelicopterLight" type="Node3D"]
script = ExtResource("1_h8jcb")

[node name="RotationHandle" type="Node3D" parent="."]

[node name="Model" parent="RotationHandle" instance=ExtResource("1_nke17")]

[node name="Light" type="Node3D" parent="RotationHandle"]
visible = false

[node name="VisIllum" parent="RotationHandle/Light" instance=ExtResource("2_h8jcb")]

[node name="Blue" type="Node3D" parent="RotationHandle/Light"]

[node name="HB1" type="SpotLight3D" parent="RotationHandle/Light/Blue"]
transform = Transform3D(-4.37114e-08, 0.173648, -0.984808, 0, 0.984808, 0.173648, 1, 7.5904e-09, -4.30473e-08, 1, 0, 0)
light_color = Color(0, 0.498039, 1, 1)
light_energy = 5.0
shadow_enabled = true
spot_range = 10.0
spot_angle = 10.0

[node name="HB2" type="SpotLight3D" parent="RotationHandle/Light/Blue"]
transform = Transform3D(-4.37114e-08, -0.173648, 0.984808, 0, 0.984808, 0.173648, -1, 7.5904e-09, -4.30473e-08, -1, 0, 0)
light_color = Color(0, 0.498039, 1, 1)
light_energy = 5.0
shadow_enabled = true
spot_range = 10.0
spot_angle = 10.0

[node name="Magenta" type="Node3D" parent="RotationHandle/Light"]
transform = Transform3D(0.5, 0, -0.866025, 0, 1, 0, 0.866025, 0, 0.5, 0, 0, 0)

[node name="HM1" type="SpotLight3D" parent="RotationHandle/Light/Magenta"]
transform = Transform3D(-4.37114e-08, 0.173648, -0.984808, 0, 0.984808, 0.173648, 1, 7.5904e-09, -4.30473e-08, 1, 0, 0)
light_color = Color(1, 0, 1, 1)
light_energy = 5.0
shadow_enabled = true
spot_range = 10.0
spot_angle = 10.0

[node name="HM2" type="SpotLight3D" parent="RotationHandle/Light/Magenta"]
transform = Transform3D(-4.37114e-08, -0.173648, 0.984808, 0, 0.984808, 0.173648, -1, 7.5904e-09, -4.30473e-08, -1, 0, 0)
light_color = Color(1, 0, 1, 1)
light_energy = 5.0
shadow_enabled = true
spot_range = 10.0
spot_angle = 10.0

[node name="Yellow" type="Node3D" parent="RotationHandle/Light"]
transform = Transform3D(0.5, 0, 0.866025, 0, 1, 0, -0.866025, 0, 0.5, 0, 0, 0)

[node name="HY1" type="SpotLight3D" parent="RotationHandle/Light/Yellow"]
transform = Transform3D(-4.37114e-08, 0.173648, -0.984808, 0, 0.984808, 0.173648, 1, 7.5904e-09, -4.30473e-08, 1, 0, 0)
light_color = Color(1, 1, 0, 1)
light_energy = 5.0
shadow_enabled = true
spot_range = 10.0
spot_angle = 10.0

[node name="HY2" type="SpotLight3D" parent="RotationHandle/Light/Yellow"]
transform = Transform3D(-4.37114e-08, -0.173648, 0.984808, 0, 0.984808, 0.173648, -1, 7.5904e-09, -4.30473e-08, -1, 0, 0)
light_color = Color(1, 1, 0, 1)
light_energy = 5.0
shadow_enabled = true
spot_range = 10.0
spot_angle = 10.0
